lenna_g.png Garold.png 0.637853733101693 0.105962124101395 0.223203020921545 16 2 256
tiger_g.png Flower.png 0.723388177697219 0.988606029222387 0.395355710819748 64 5 128
F15_g.png Flower.png 0.104062519353840 0.119364129317822 0.293625427244987 64 7 32
cameraman_g.png clouds_g.png 0.108125974357725 0.113738918988233 0.132164764273524 64 3 64
clouds_g.png jetplane_g.png 0.163370618914124 0.154182545383343 0.114887495416975 64 3 512
jetplane_g.png lake_g.png 0.162238525386984 0.134843447830799 0.255655059327397 32 4 512
lake_g.png livingroom_g.png 0.447976518007379 0.181309616629553 0.116371128954591 64 5 128
livingroom_g.png mandril_g.png 0.907886220889837 0.145332116559041 0.101961878411971 8 4 512
mandril_g.png peppers_g.png 0.106725522751223 0.431533925149282 0.785612969772835 8 1 64
peppers_g.png pirate_g.png 0.175183997895114 0.136123144941475 0.157284302590493 32 6 256
pirate_g.png walkbridge_g.png 0.642419143992075 0.118170909486490 0.123367214358879 128 6 64
walkbridge_g.png cameraman_g.png 0.147794389756831 0.109612324342842 0.100404857414801 64 3 64
arctichare_g.png barbara_g.png 0.121433475968308 0.102521274482986 0.670715704956721 32 4 256
barbara_g.png blonde_g.png 0.222826217121466 0.121554238226594 0.306293902332011 32 1 512
blonde_g.png boat_g.png 0.198017100228956 0.102309098041347 0.706154471537699 16 4 128
boat_g.png cat_g.png 0.244933730163777 0.195634739993040 0.232529511832045 16 3 256
cat_g.png darkhair_g.png 0.126642363219677 0.114606383264548 0.335150569256256 32 2 128
darkhair_g.png fruits_g.png 0.166485519069280 0.108037153906449 0.191509053651344 8 3 512
fruits_g.png house_g.png 0.312008036407128 0.529061240094906 0.102385887495973 16 5 64
house_g.png jellyfish.png 0.231695633132102 0.102977321773210 0.396964446434464 16 5 256
jellyfish.png sails_g.png 0.326888293167651 0.109653703541078 0.223496673881941 16 1 128
sails_g.png arctichare_g.png 0.100438369586745 0.101061998624335 0.930051930970784 8 7 512